-0.197072  0.280746  0.146878  0.031398  0.023308  
0.559367  -0.064811  0.169945  0.005130  -0.030053  
0.060931  0.033962  -0.081991  -0.053724  0.007946  
-0.225110  -0.085982  0.035741  0.003668  -0.020126  
0.181050  -0.052789  -0.031972  0.028154  0.066994  
-0.070272  0.074743  0.076272  -0.001998  0.036805  
-0.053285  0.012260  -0.113028  -0.043570  -0.047236  
0.006388  0.023613  0.033908  -0.003697  0.086083  
0.212298  0.070489  -0.168873  0.204668  0.001419  
-0.722800  -1.402064  0.028128  0.288284  -0.010244  
