25.638764  2.141569  0.919683  1.054533  -1.328383  -2.913717  0.227730  -1.074855  -6.437850  5.677453  
29.681538  -0.060746  0.442740  0.193265  0.448073  4.172202  3.808324  4.978982  -5.642642  -6.039041  
25.988098  0.331634  1.668736  -3.939910  0.571293  0.286159  2.294183  -1.921213  3.746713  7.573849  
25.719378  -1.371285  -1.261947  -1.161122  -4.067677  0.851315  -1.618777  -1.236976  -3.869513  7.418065  
25.346793  -0.690603  2.640439  2.234307  0.415808  2.277707  -3.865382  -0.754694  2.178751  7.097585  
25.031144  1.461817  -2.264337  -0.638378  1.608618  2.355389  -3.972756  2.096770  2.220200  6.415901  
27.275771  -0.067201  -1.471179  2.160746  0.615598  1.151311  4.302997  -6.052666  3.092976  3.696032  
25.762458  -1.432915  -0.521620  -0.261018  3.713718  -3.458031  -0.489189  0.513998  -5.097402  5.410832  
29.594726  -0.269264  -0.220064  1.002825  -1.515848  -3.143943  1.673411  6.114660  7.338678  2.568136  
42.802912  0.027491  0.051381  -0.538803  -0.184085  -1.037951  -2.189909  -2.358504  1.253794  -23.611544  
