100 31  84  100 0   0   49  34  28  2   0   46  98  40  2   57  2   10  79  0   76  90  14
31  100 33  0   41  34  0   48  84  85  38  0   100 63  33  3   1   14  1   100 24  77  47
84  33  100 70  2   27  42  19  37  86  0   99  63  54  94  57  48  64  32  13  93  32  41
100 0   70  100 35  26  95  3   0   0   0   100 0   0   92  0   35  0   100 6   100 0   18
0   41  2   35  100 100 59  6   71  79  100 32  0   38  41  53  70  54  29  95  16  0   97
0   34  27  26  100 100 91  4   100 38  99  47  0   74  47  84  49  24  21  97  27  0   96
49  0   42  95  59  91  100 41  99  0   36  100 2   98  97  100 0   0   13  27  95  8   100
34  48  19  3   6   4   41  100 6   28  2   32  37  69  48  28  30  0   23  97  84  100 44
28  84  37  0   71  100 99  6   100 23  78  62  4   51  52  100 22  39  0   75  4   2   100
2   85  86  0   79  38  0   28  23  100 98  0   98  24  6   36  100 100 67  45  0   89  7
0   38  0   0   100 99  36  2   78  98  100 4   0   0   13  65  47  46  36  93  15  5   86
46  0   99  100 32  47  100 32  62  0   4   100 0   54  100 10  50  8   89  0   99  0   42
98  100 63  0   0   0   2   37  4   98  0   0   100 83  0   88  46  97  55  0   34  100 28
40  63  54  0   38  74  98  69  51  24  0   54  83  100 70  71  29  38  28  49  36  71  51
2   33  94  92  41  47  97  48  52  6   13  100 0   70  100 0   92  51  68  27  92  4   43
57  3   57  0   53  84  100 28  100 36  65  10  88  71  0   100 6   28  3   36  4   69  100
2   1   48  35  70  49  0   30  22  100 47  50  46  29  92  6   100 100 100 3   5   32  1
10  14  64  0   54  24  0   0   39  100 46  8   97  38  51  28  100 100 99  1   1   53  4
79  1   32  100 29  21  13  23  0   67  36  89  55  28  68  3   100 99  100 51  7   31  0
0   100 13  6   95  97  27  97  75  45  93  0   0   49  27  36  3   1   51  100 38  39  70
76  24  93  100 16  27  95  84  4   0   15  99  34  36  92  4   5   1   7   38  100 50  27
90  77  32  0   0   0   8   100 2   89  5   0   100 71  4   69  32  53  31  39  50  100 46
14  47  41  18  97  96  100 44  100 7   86  42  28  51  43  100 1   4   0   70  27  46  100
