 513  612   99 1428  224 1131 2088  231  128  211  684  241  116  263  138  331  417 1194  162  317  370  906  739   50  238
 252  316   55  822   87  546 1843   89   52   84  440  106   56  118   54  109  260  578   78  129  224  588  466   27  105
 162  151   39  566   43  299 1040   36   30   57  296   36   36   63   30   51  136  316   41   55  170  398  267   14   51
 164  144   45  856   44  264  972   28   29   47  275   32   44   61   24   40  119  336   41   50  143  354  237   10   67
 136  138   36  502   48  252  978   31   27  151  266   28   33   57   25   41  108  295   41   47  147  322  226   10   69
 139  269   31  512   42  271  984   36   33   43  282   30   35   57   28   42  121  295   40   61  150  331  258   10   45
 141  133   33  521   42  258 1043   27   27   39  264   28   33   59   29   36  111  284   40   54  151  440  244   11   44
 172  195   36  602   47  369 1593   38   30   43  321   54   40   73   36   59  184  363   58   75  192  444  310   14   54
 143  154   34  547   50  277 1109   32   29   42  355   28   32   59   31   40  123  309   40   56  169  367  248   14   49
 165  157   33  579   51  300 1104   32   29   50  291   33   36   68   27   47  122  325   44   54  168  364  272   20   56
 137  141   33  509   44  262 1190   31   28   43  273   33   34   59   22   36  136  283   42   57  165  354  251   14   44
 154  125   39  500   45  231  943   26   27   43  258   24   35   57   23   34  106  656   36   49  142  319  227   11   41
 213  137   33  516   41  247 1056   35   27   40  268   28   32   58   26   40  122  320   42   47  152  364  253   10   46
 142  142   34  510   42  285  983   23   27   42  299   28   32   57   28   38  117  291   47   64  338  336  237   10   39
 134  144   31  509   43  235 1075   30   29   47  294   29   34   57   24   34  120  297   40   48  163  355  415   10   44
 140  150   35  545   50  277 1160   29   35   50  296   27   33   66   30   34  131  315   36   58  160  349  316   12   48
 141  136   41  620   44  232  979   28   31   41  262   24   34   59   23   31  102  294   36   59  133  345  221   12   47
 137  122   40  601   47  240  960   29   32   43  266   28   33   63   23   31  110  309   38   47  144  405  233   10   41
 129  139   31  523   43  242 1123   29   27   49  281   24   31   56   22   31  119  295   42   51  158  339  226   16   43
 135  136   30  512   47  223 1024   26   27   43  263   28   31   56   26   34  112  281   38   50  144  529  240   10   43
 131  133   31  473   42  235  941   22   27   40  399   26   31   61   23   31  102  282   37   52  156  321  232   10   41
 189  194   34  677   55  312 1163   38   40   57  327   39   45   89   33   50  139  390   43   73  174  618  256   17   66
 129  147   33  501   44  242 1022   27   27   44  315   24   31   61   24   31  123  280   36   53  166  364  372   16   43
 421  675  167  969  304  756 1301  256  190  220  402  719  172  559  246 1202  494  759  212  437  157  388  303  142  335
 515  240  113  470  156  253  580   77  103   94  190  307   82  243  100  447  260  337   59  178   74  164  109   69  115
 181  282   91  423  156  649  600   87   68   75  214  295   64  242  117  447  255  278   70  190   87  167  121   57  113
 189  281   86  450  151  290 1130   79   70   74  226  299   62  281  115  511  298  280   74  201  102  225  172   62  107
 224  321  127  562  165  356 1128  109   88  101  258  339   72  324  141  528  358  309   90  242   99  218  154   59  137
 238  288  122  476  191  297  616  105  133  201  231  598  159  316  124 1253  269  306   95  191   80  192  135  125  217
 179  226  111  446  166  260  650   65   96   95  210  467   83  229  105 1108  281  281  101  175   77  181  123   81  151
 306  521  138  744  241  510 1506  155  125  158  337  503   98  421  172  716  488  480  165  346  121  308  222   81  180
 210  275  102  473  178  473  802   91   90   92  218  352   76  306  133  550  281  302   83  237   77  171  134   64  129
 213  229  102 1176  168  264  676   73   80   78  233  282   59  285  105  452  260  306   66  192   78  208  104   58  113
 228  221   91 1196  151  256  597   69   79   72  193  284   60  253   98  433  241  328   67  185   79  218  103   53  101
 261  419  151  633  225  462 1468  152  138  139  334  487  112  386  164  687  402  440  127  300   95  275  209   79  191
 191  248   93  558  148  294 1028   69   68   69  230  276   46  264   95  412  272  277   75  191   85  216  142   58   97
 171  310   89  451  168  313  672   90   70  107  225  330   59  251  122  527  275  279   69  520   90  184  108   59  125
 165  250   85  407  136  276  744   68   75   72  210  273   61  227  111  439  715  307   95  178   77  180  139   62  108
 194  245  102  395  147  264  620   74   89   89  330  941   76  272  109  536  257  262   82  170   95  167  106   94  120
 257  328  117 1121  176  672  756   99   92   95  244  346   62  287  132  530  315  365   91  228   80  254  159   65  140
 202  243  100  406  172  309  664   85  105   88  217  462   95  746  128  619  283  288   82  209   77  174  108   86  123
 230  272  103  822  158  316  708   83   77   96  224  307   74  257  110  491  290  363   78  214   95  303  119   58  139
 201  208   96  434  163  250  566   69   78   74  194  278   64  197   96  434  243  723   53  163   72  176   95   54   96
 181  385   83  384  137  251  574   77   71   78  202  281   59  244  191  429  239  259   54  202   71  153   98   55   97
 181  236   84  489  152  292  889   67   84   78  213  291   71  294  108  466  270  303   74  213   75  170  117   58  112
 157  238   85  403  138  286  615   68   73   80  561  268   55  227   94  397  258  248   57  182  123  159  115   55   95
1448 2188  472 2732  701 2819 4368  639  309  698 1731  910  486  579  416 1119 1385 3087  447  946  711 1735 2436  171  797
 660 2165  280 1437  324 1589 2102  431  183  305  998  443  244  297  276  493  677 1433  246  701  371  748  998   94  336
 696  937  280 1481  342 1382 3489  228  175  332  928  460  230  336  234  671  716 1527  239  510  391  865 1095   85  340
 856 1041  303 2129  415 1432 2322  270  186  373  910  445  254  388  232  566  615 2035  221  488  340  884 1078   97  403
1041 1541  356 2714  472 2064 4321  393  266  424 1278  693  352  557  336  892 1011 2263  415  678  477 1338 1470  123  527
 866 1400  322 1936  379 2927 2775  311  195  393 1208  573  201  477  284  698  765 1805  282  669  439  966 1219  114  439
1419  911  412 1745  511 1224 2174  246  321  336  841  464  286  290  241  561  664 2027  318  462  351  915  985  118  407
 852 1311  344 1770  423 1778 2836  336  223  457 1183  496  296  396  251  578  812 1984  285  778  445 1075 1342  110  433
 687  994  267 1439  315 1358 2369  238  162  338 1078  445  234  288  213  454  598 1561  241  446  649  837 1046   85  307
 660 1156  260 1422  319 3261 2289  320  159  302 1051  346  207  283  200  420  600 1410  209  456  337  787 1045   87  294
1453 2155  469 2889  707 2816 4267  568  381  815 1611 1169  458  719  422 1501 1250 2966  490  984  627 1860 1886  188  885
 774 1011  306 1591  333 1544 3592  247  196  351 1001  419  254  343  237  487  750 1685  240  514  439  971 1245   98  380
 731  847  358 2108  339 1270 2048  210  169  340  848  336  232  227  181  396  552 1622  210  413  334  952  946   81  306
 990 1433  308 2103  445 1829 3009  310  221  419 1072  581  299  401  268  699  835 2091  350  599  421 1496 1280  108  450
 689  800  253 2592  310 1103 2150  199  156  287  812  338  204  230  195  368  544 1534  207  413  297  842  933   70  283
 728  968  285 1526  338 1395 3358  247  197  342  950  394  252  347  219  486  716 1622  274  456  360  858 1133   93  323
1273 1317  396 2139  524 1673 2815  334  256  490 1057  542  321  426  269  780  720 3825  328  635  420 1043 1268  120  492
 702 1052  287 1385  339 1320 2107  529  217  320  851  532  269  282  222  526  604 1444  283  539  380  781 1014  136  331
1065 1559  364 2104  487 2089 3757  411  251  513 1235  670  379  499  310  813  973 2311  332  725  493 1188 1435  136  532
 717 1101  286 1528  324 1492 2737  253  173  336 1071  387  242  318  238  500  757 1538  247  463  417  929 2124   94  336
 666  834  252 1659  297 1181 2344  201  158  290  817  337  214  278  197  412  570 1414  201  406  315 1273  985   73  283
 633  939  280 1376  341 1236 2297  209  178  314  890  369  240  255  223  445 1201 1435  323  437  333  842 1160   74  285
1010 1556  363 1907  509 2022 3370  393  269  481 1187  708  350  467  332  803  896 2109  374  699  481 1120 1350  156  512
1341 2362  428 3708  489 5183 5570  460  238  565 1888  641  384  463  229  853 1107 2862  322  788 1166 2102 2205   99  910
 911 1292  372 2338  239 2920 3451  193  213  824 1200  461  477  278   98  636  634 1630  163  486  751 1325 1394  115 1297
 664 1253  280 2344  224 3626 3376  202  131  263 1280  249  217  197  109  363  545 1486  144  407  678 1229 1363   45  487
 857 1859  322 2543  262 5801 3975  274  135  350 1602  311  231  299  138  455  698 1775  166  550  995 1519 1779   33  616
 775 1301  263 2532  242 2872 4870  187  124  256 1264  228  192  187  117  365  755 1546  166  401  810 1431 1636   41  423
 710 1418  285 2246  222 4435 3445  211  128  281 1323  282  227  219   99  383  583 1487  162  496  754 1243 1469   37  473
 863 1098  297 3271  226 2427 3180  138  127  238 1068  214  171  169  104  329  507 1579  135  338  648 1172 1283   38  407
 885 1403  273 2433  286 3503 3723  225  145  346 1295  283  245  275  118  479  664 2228  171  475  783 1348 1556   50  590
 660 1262  257 2803  212 2985 3259  174  126  281 1092  240  198  208   95  378  548 1411  130  397  674 1174 1308   40  433
 614 1063  246 1986  181 2431 3317  125  101  224 1180  161  170  160   84  271  512 1225  125  350  648 1143 1942   30  367
 816 1303  333 2240  206 2893 3112  156  114  394 1208  190  200  173   86  340  571 1967  143  425  742 1179 1389   38  408
 815 1142  289 2663  228 2483 3630  150  112  257 1143  205  201  169  100  324  617 1526  164  355  735 2309 1374   47  420
 599 1251  225 2014  171 4954 3105  169  110  213 1215  177  168  157   86  275  530 1206  132  395  676 1068 1289   36  396
 720 1372  263 2114  251 2562 3185  163  163  319 1122  381  279  262  108 1018  517 1519  149  460  697 1119 1346   51  518
 973 2411  318 3258  309 4065 4172  261  144  334 1474  325  284  293  131  565  756 2008  201  567  939 1591 1703   51  605
 720 2854  275 2376  208 3571 3572  231  126  254 1436  224  218  206  134  404  639 1493  148  604  886 1283 1566   27  422
 660 1207  238 2119  199 3004 4280  167  132  274 1251  211  207  195  106  365  592 1359  153  414  732 1316 1462   39  463
 724 1121  242 2177  189 2552 3037  135  118  242 1086  183  182  166   85  311  485 1989  114  336  617 1091 1241   35  402
 920 1180  341 2531  263 3098 3516  175  135  346 1312  222  278  165   99  366  820 1823  156  433  865 1347 1435   51  556
 632 1151  237 2025  187 2726 3386  148  115  247 1117  206  187  177   98  341  513 1324  132  355  638 1108 1291   30  384
 759 1274  272 2322  217 2994 3971  181  131  266 1228  238  211  214  100  382  579 1494  158  426  778 1246 1420   43  497
 653 1348  237 2136  202 4416 3217  180  110  221 1210  230  177  184   96  355  502 1278  126  425  738 1101 1312   29  389
 643 1252  270 2121  196 2835 3458  160  110  212 1561  194  182  182   93  342  538 1310  128  404 1297 1200 1419   34  427
 161  273   41  304   89  358  489   85   25   65  161  153   43   85   72  176  149  274   55  184   78  193  188   14   91
 165  276   35  253   97  347  445   77   31   62  152  156   52  107   86  210  138  244   57  372   66  169  183   14   99
 107  177   33  223   76  240  369   45   17   35  115  102   24   62   48  127  107  184   39  131   71  138  123    9   67
  90  152   27  219   63  227  338   39   17   34  103   81   28   56   46  109  110  168   38  109   56  131  117   11   49
 106  185   27  219   80  233  370   43   17   36  120   96   32   67   48  147  118  179   50  131   52  148  126   16   55
  84  161   26  196   60  217  357   40   11   29   93   71   24   50   40  107  116  148   38  112   51  137  132   10   53
  86  163   24  203   62  205  343   41   33   34  105   79   24   60   39  126  101  164   36  110   48  132  113   12   48
  87  155   24  199   57  230  324   34   11   25  104   78   28   59   43  102  101  155   43  102   46  129  105   12   53
  83  178   27  195   61  235  328   40   13   28   95   78   25   57   39  102   94  148   40  192   53  126  121   10   58
  81  168   23  191   65  212  317   41   15   26   90   67   28   61   42   90   99  142   36  110   45  110  105   11   46
  84  173   26  193   64  206  314   31   13   23   95   73   20   49   42   91   96  140   31  103   44  111  108   11   53
  73  145   24  184   58  199  309   37   19   32   89   62   25   48   34   84   93  137   53   96   52  110  106    9   48
  79  141   24  191   60  182  312   31   13   26   91   65   24   49   40   93   91  149   31   96   41  113  101   12   46
  78  150   25  197   61  212  324   35   13   25   98   75   20   47   39  109   96  145   34  106   45  119  106   10   43
  79  154   25  192   58  228  321   33   15   23   94   71   26   53   35   89   97  144   34  100   49  125   95    9   44
 102  147   26  196   64  209  313   28   15   31  102   63   28   58   48  113   94  363   37  106   44  110  111    9   45
  91  146   27  198   87  207  303   36   14   28   96   66   24   58   39   86   97  154   31  100   51  106   99    9   51
  70  149   23  183   57  179  297   31   13   24   92   61   23   44   41   86   89  151   24  104   44  101   95   11   41
  75  145   24  185   57  188  308   30   12   24   98   74   20   59   36   96  100  141   31  106   46  107   99   10   44
 145  259   46  293   85  305  428   48   26   48  143  143   31   89   61  157  130  294   72  159   70  151  139   16   97
  73  134   22  175   57  176  296   30   13   23   86   59   20   45   38   89   89  139   27  106   41  104   98   10   48
  85  176   22  230   57  316  395   39   13   24  138   65   22   45   36   87  106  153   42  109   71  133  109    9   39
  77  127   23  191   65  176  306   36   16   22   98   70   23   47   36   97   91  152   28  102   51  116   94   10   43
  16   34    8   58   11   66  107    5    5   13   19   22    1    5    8   24   27   44    6   19    9   38   40    2    7
  14   23    7   45    6   35   93    3    1    5   11   10    0    3    1   17   11   25    6    9    5   16   25    2   10
  16   21    7   44    6   43  101    4    1    3   13    7    2    3    3   16   14   31    8    7    5   14   23    1    7
  13   23    7   41    7   37   92    2    1    3   13    4    1    8    3   12   17   21    7    9    4   10   23    4   10
  17   20    7   45    5   39   92    2    1    4   17   10    2    4    5   21   20   36   10    6    3   18   26    0    8
   8   20    7   34    5   35   89    2    1    4   12    2    1    3    2    9   11   27    6    6    3   12   24    0    7
  12   17    7   43    5   32   74    2    3    2   17    4    1    2    1    7    8   30    7    9    2   19   17    0    7
  10   15    9   34    6   36   71    2    3    2   17    4    0    3    1   13    8   19    5   10    2   12   18    2    7
  13   19    7   33    7   38   62    2    1    2   13    6    0    3    1    8    8   22    4   10    2    9   21    0   10
   9   14    7   34    7   31   66    6    1    3   13    2    0    3    1    7    8   25    4    5    2   10   21    0    8
  11   12    9   36    9   31   65    2    1    2   13    2    1    3    2    7   10   19    4   11    4   11   16    0    7
   9   15    9   42    9   34   71    2    3    5   17    2    1    2    1    7   13   26    5    7    4   13   17    0    6
  14   13    9   37    7   34   84    3    2    4   16    6    5    2    3   10   13   23    8   12    2   11   22    0    7
  11   19    9   32    6   35   73    2    1    2   16    2    1    2    4    7   10   23    4    7    2   13   16    2    6
  10   13   11   35    5   34   63    2    1    3   16    2    1    2    1    9    8   19    4    8    3   10   20    0    6
  10   14    9   32    5   26   63    2    1    2   14    2    1    4    1    5    9   28    4    9    6   18   17    0    7
   9   15    9   34    7   32   61    2    1    3   16    6    0    2    2    9    8   17    4    8    2   14   21    1    6
   8   12    9   34    5   31   66    2    1    2   12    4    0    2    4    7    9   20    6    5    3   10   17    0    7
  25   16    9   39    7   29   65    2    1    2   16    2    0    2    1    9    9   51    4    5    2   14   19    1    8
  11   14    7   30    5   32   63    1    1    2   13    4    0    5    1   10    7   17    4    7    3   16   18    0    6
  15   16    9   43    5   34   90    7    1    5   22   10    1    8    1   18   18   31    8   12    3   14   28    0    6
   8   12    7   34    5   29   78    1    1    3   14    6    0    3    1    5   13   18    4    5    4   11   23    2    6
  10   12    8   36    5   29   68    3    3   24   12    2    0    5    1   10    9   25    4    7    2   12   18    0   15
 149  222   30  296   64  347  340   50   24   44  133   77   25   45   52   94   79  336   26   66   71  168  198    9   41
 112  156   25  237   90  249  279   31   18   41  108   58   20   40   38   74   73  275   28   49   65  129  160    7   28
  94  149   24  217   46  233  287   39   15   32  102   48   17   34   35   75   56  246   25   49   61  116  176    5   27
  98  142   26  236   40  239  276   31   15   27  102   48   11   30   35   54   56  238   21   45   61  124  163    5   25
  93  133   26  203   36  242  262   37   15   27  106   40   11   33   33   56   50  216   20   45   54  106  154    5   26
  92  139   27  218   41  209  264   27   14   28  104   41   11   31   34   60   51  232   20   41   57  117  156    5   34
  85  128   23  197   38  212  245   26   13   36  104   37   12   31   39   52   50  225   22   43   58  107  152    5   26
  79  130   24  199   36  198  244   28   13   24   97   37   10   30   36   51   61  237   20   42   55  107  158    3   21
  88  128   25  201   41  215  252   30   15   26  113   39   10   32   36   53   54  218   20   39   57  108  166    5   21
  83  133   25  208   38  207  245   29   13   25  103   38   10   30   34   55   54  222   26   43   59  110  156    3   18
  84  124   26  215   36  202  243   31   14   29   99   40   11   31   38   54   57  216   20   42   56  109  151    3   25
  77  125   26  195   37  212  246   27   13   25  104   35   10   33   34   50   53  218   19   43   56  116  153    5   19
  89  131   25  213   38  214  254   29   13   24  138   40   12   30   32   60   52  219   19   44   70  105  156    3   23
  88  124   23  203   39  220  259   27   14   23  140   48   10   31   34   51   53  223   23   43   70  116  158    5   21
  80  126   28  206   36  207  250   36   13   23  100   38   11   30   34   59   49  213   19   40   52  105  151    3   23
  85  121   23  195   34  199  259   30   13   25  100   34   10   30   44   48   46  204   19   39   55  115  174    4   21
  75  131   23  203   39  202  244   33   13   27  105   42   12   29   34   49   55  214   19   40   59  108  174    4   20
  76  118   24  208   38  196  242   31   13   22  102   35   11   30   32   43   45  202   19   39   52  105  155    4   18
  83  116   23  190   33  188  239   27   13   23   98   39   10   30   32   43   51  207   20   39   52  116  148    3   22
  82  123   27  204   42  207  257   30   13   23  112   39   12   31   33   43   53  210   21   39   57  112  167    3   18
  84  132   23  225   34  201  248   31   13   25  101   36   10   29   32   47   51  225   22   39   52  109  153    5   19
  80  122   23  192   37  193  241   27   13   22  110   35   13   26   32   45   46  201   21   39   79  105  156    3   18
  83  138   23  236   42  216  282   30   13   27  114   48   14   30   33   55   53  231   21   42   67  122  223    3   20
 340  451   91  662  129  798 1364  167   46  121  366  282   70  178   72  262  365  732  135  249  218  410  366   43  181
 183  298   70  434   98  519  879   85   33   71  247  182   46  116   53  165  231  602   87  190  116  241  297   25  132
 108  181   57  293   51  523  625   74   20   41  181   98   37   85   34   91  171  270   45   99   91  169  174   10   92
 100  148   47  275   43  300  561   58   21   46  153   91   27  183   31   81  146  254   48   82   70  147  145   14   78
 103  143   52  275   41  299  619   41   20   36  148   71   28   59   17   66  255  246   49   79   68  152  154    9   75
 104  151   53  269   40  359  548   43   20   45  144   73   25   66   16   88  148  251   46   77   72  145  158    9   73
  98  132   50  257   39  273  536   39   19   37  135   70   21   65   15   67  139  324   42   69   63  127  144    9   69
  87  119   50  249   40  271  577   35   20   42  140   61   22   56   17   69  151  227   44   65   60  136  140    9   66
  90  139   49  253   47  298  518   43   22   42  152   87   23  114   18   86  142  308   48   79   67  148  146   11   76
  86  122   45  243   38  258  538   33   19   32  136   60   18   63   16   68  140  233   43   68   67  143  147    9   66
  92  114   49  314   41  260  487   32   19   31  127   60   15   59   14   67  138  287   39   58   61  130  138    9   59
  91  154   43  259   38  530  518   41   22   38  134   73   17   75   17   74  133  240   35   67   76  134  154    9   59
 106  139   46  257   42  297  588   50   24   43  143   82   19   68   28   86  145  389   47   68   67  150  157    8   69
 101  111   41  243   46  254  482   30   23   33  126   57   19   54   14   60  148  230   37   58   59  139  141    8   59
  99  134   43  256   37  318  722   44   22   34  157   74   21   74   23   75  160  237   39   80   82  152  165    8   65
  86  120   42  250   34  286  507   39   24   42  131   86   19   66   23   76  142  238   39   72   64  126  138    9   64
  83  117   43  233   39  271  525   32   21   34  141   62   19   58   17   65  132  234   40   57   59  132  153    8   56
 107  117   44  253   41  291  552   38   20   34  144   84   19   64   21   76  143  321   40   75   71  132  142    8   63
 105  156   43  247   36  422  529   53   22   35  157   84   22   70   19   67  142  237   43   68   82  145  138    8   58
  96  113   41  260   35  289  564   38   22   37  132   76   17   67   22   68  141  241   44   62   62  137  140   10   60
  89  104   77  226   37  270  501   34   19   32  133   68   34   60   16   67  126  238   34   58   59  120  143   10   78
  81  113   41  230   39  462  466   39   20   30  130   76   16   55   20   62  128  223   37   58   60  118  136    8   56
  93  119   48  259   36  279  559   41   19   30  127   67   19   60   18   66  197  243   44   67   66  137  139    8   60
 298  566   67  730  188  790  924  624  135  129  313  258   76  219   93  345  341  598  189  321   90  425  370   32  149
 191  288   41  490  116  353  586  191   70   79  174  172   36  129   58  190  181  371  114  167   55  245  204   29   86
 170  251   36  479  105  332  542  170   63   70  169  156   39  117   50  170  194  349  106  137   47  245  205   29   80
 174  238   43  579  106  287  498  147   58   70  152  134   35  109   52  139  152  336  105  140   45  226  180   22   66
 160  246   37  420   96  367  480  148   56   67  145  134   30  102   48  128  161  303  100  128   47  208  194   21   72
 177  240   36  512   99  271  535  158   57   70  159  129   36  111   51  137  157  316  106  134   49  309  193   21   65
 162  261   38  471  108  298  541  146   58   70  186  139   33  109   47  148  184  322   99  135   49  218  295   21   65
 166  234   35  425   96  272  474  147   55   63  152  124   28  104   46  128  151  316   93  124   44  200  181   21   63
 246  255   56 1491  126  355  607  149   63   70  171  152   39  101   51  175  195  473  110  148   71  355  224   25   86
 161  274   36  426  118  285  523  168   68   62  180  146   40  123   57  158  197  333  238  140   62  221  205   23   59
 169  252   43  484  108  301  579  167   56   71  178  147   31  108   46  138  175  320  114  131   57  242  235   23   54
 159  259   39  459  100  294  536  129   56   61  180  132   29   99   52  144  163  309   98  137   48  218  202   23   71
 159  228   35  427  100  272  507  135   52   58  154  124   31  108   46  131  155  302   90  121   58  225  189   21   55
 170  224   35  534   99  253  448  122   50   70  144  129   31   91   45  124  134  301  104  120   44  196  179   22   59
 177  263   53  441  152  282  480  188  162   76  164  171   58  115   50  188  182  291  125  139   53  209  184   22   72
 159  237   37  434  107  277  490  153   56   57  154  125   30  105   46  121  152  298  146  125   57  193  171   20   60
 150  219   35  404   94  233  450  138   55   53  142  118   29   88   43  111  175  267  110  114   44  181  172   20   54
 168  240   43  447   99  285  556  153   57   58  191  129   34  101   48  121  165  300   90  123   58  225  189   20   60
 169  219   39  422   98  238  463  142   48   58  142  124   35   97   42  120  151  370   87  120   53  206  187   20   55
 147  227   35  423   94  231  445  144   49   69  134  128   33   91   44  121  147  271   92  116   46  187  176   20   52
 162  237   36  411   96  278  488  153   53   64  150  126   29   94   45  122  153  283  102  126   56  196  184   23   52
 164  307   42  447  108  292  496  234   61   63  154  140   36  102   48  128  163  297  107  142   55  227  177   20   58
 166  353   43  412  120  246  439  214   77   72  148  132   47   91   47  126  167  266  117  155   49  187  174   24   56
