    3898     4115      886    13931     1265     7230    26373      953      798     1349     7275      978      897     1677      749     1251     3240     8588     1098     1606     4079     9512     6746      338     1364
    5295     6941     2438    13888     3947     8349    18890     2167     2142     2325     5896     8985     1821     7111     2916    13614     7304     8080     2019     5344     2066     4851     3195     1634     3141
   20616    29216     7503    43712     9494    40804    66896     7523     5001     9256    24608    12057     6504     8683     5996    14668    18211    44728     6762    13417     9828    24305    29473     2511     9681
   17914    33177     6563    56300     5409    78336    83807     4465     3088     7207    29555     6056     5286     4998     2513     9900    14212    37525     3588    10287    18247    30644    34182     1039    11890
    2161     3934      624     4810     1540     5287     7906      930      385      727     2458     1908      614     1355     1028     2573     2402     4068      907     2946     1215     2919     2673      254     1261
     279      389      187      875      145      802     1757       61       36      100      342      121       19       79       49      247      268      597      126      193       77      325      490       17      174
    2039     3091      572     4897      955     5008     5958      717      326      628     2495      972      283      726      816     1271     1248     5228      490      990     1375     2635     3758      100      534
    2528     3495     1165     6497     1067     8127    13765     1129      517      966     3584     2024      573     1815      541     1952     3763     6805     1105     1905     1760     3570     3755      259     1714
    4024     6118      940    11768     2533     7092    12087     4120     1515     1580     3836     3269      845     2514     1155     3413     3995     7592     2642     3243     1237     5344     4670      522     1549
      43       56       14       77       12     1485      124       18        4       14       26       18       11       12       17        1       27       95        9       20       18       60       33        7       21
