14.540778586955  -1.7 
2.7610474046904  -0.323 
2.4622818157416  -0.288 
1.877184805256  -0.22 
1.7465831482457  -0.204 
1.0850042188424  -0.127 
0.66980614371603  -0.0784 
0.41035833339982  -0.048 
0.20090920395732  -0.0235 
-0.012940514838939  0.00152 
-0.26794565029924  0.0314 
-0.47910661854661  0.0561 
-1.11740549942  0.131 
-1.5695949564381  0.184 
-1.7282727728156  0.202 
-1.7621650845417  0.206 
-2.3988778076332  0.281 
-3.0203376562031  0.354 
-3.4461428451741  0.403 
-3.9511642548941  0.463 
